3598,1,375,34
3599,1,378,34
3600,1,380,35
3601,1,382,37
3602,1,382,41
3603,1,379,53
3604,1,375,66
3605,1,373,75
3606,1,371,83
3607,1,371,90
3608,1,371,97
3609,1,373,101
3610,1,376,102
3611,1,380,104
3612,1,387,104
3613,1,395,105
3614,1,401,106
3615,1,405,106
3616,1,408,106
3617,1,411,106
3618,1,413,106
3619,1,413,106
3620,1,414,106
3621,1,414,106
3622,1,414,106
3623,1,415,106
3624,1,416,106
3625,1,417,106
3626,1,419,106
3626,2,381,43
3627,1,420,106
3627,2,372,56
3628,1,421,108
3628,2,365,65
3629,1,424,108
3629,2,358,72
3630,1,427,108
3630,2,351,78
3631,1,432,108
3631,2,344,83
3632,1,437,109
3632,2,339,85
3633,1,444,108
3633,2,336,88
3634,1,449,108
3634,2,333,88
3635,1,456,108
3635,2,331,88
3636,1,464,107
3636,2,329,87
3637,1,472,104
3637,2,328,86
3638,1,481,101
3638,2,325,85
3639,1,488,101
3639,2,322,84
3640,1,491,104
3640,2,318,84
3641,1,493,106
3641,2,315,83
3642,1,491,113
3642,2,311,83
3643,1,486,121
3643,2,309,83
3644,1,482,130
3644,2,305,83
3645,1,478,136
3645,2,301,84
3646,1,475,140
3646,2,297,85
3647,1,475,143
3647,2,294,85
3648,1,475,145
3648,2,288,84
3649,1,476,147
3649,2,285,84
3649,4,359,35
3650,1,478,149
3650,2,282,84
3650,4,350,58
3651,1,480,152
3651,2,280,87
3651,4,345,70
3652,1,483,153
3652,2,275,91
3652,4,343,76
3653,1,486,154
3653,2,271,96
3653,4,343,78
3654,1,490,156
3654,2,267,100
3654,4,344,77
3655,1,499,158
3655,2,262,101
3655,4,347,77
3656,1,505,160
3656,2,257,103
3656,4,351,75
3657,2,252,104
3657,4,354,74
3658,2,247,105
3658,4,355,74
3659,2,243,105
3659,4,357,78
3660,1,503,178
3660,2,239,105
3660,4,357,83
3661,1,495,193
3661,2,233,104
3661,4,357,92
3662,1,490,203
3662,2,229,104
3662,4,357,98
3663,1,487,209
3663,2,225,103
3663,4,359,102
3664,1,487,212
3664,2,221,103
3664,4,361,103
3665,1,489,214
3665,2,218,103
3665,4,365,103
3666,1,490,216
3666,2,215,103
3666,4,368,104
3667,1,494,217
3667,2,211,102
3667,4,374,104
3668,1,500,218
3668,2,207,102
3668,4,378,103
3669,1,504,220
3669,2,203,102
3669,4,382,103
3670,2,197,102
3670,4,386,104
3671,2,190,101
3671,4,389,106
3672,2,184,101
3672,4,392,109
3673,2,180,101
3673,4,396,114
3674,1,502,242
3674,2,177,101
3674,4,399,119
3675,1,496,251
3675,2,175,101
3675,4,402,123
3675,5,349,39
3676,1,491,260
3676,2,174,101
3676,4,404,125
3676,5,353,44
3677,1,488,266
3677,2,172,100
3677,4,406,126
3677,5,356,47
3678,1,487,271
3678,2,169,100
3678,4,408,126
3678,5,357,51
3679,1,486,275
3679,2,165,99
3679,4,410,126
3679,5,358,54
3680,1,486,277
3680,2,161,96
3680,4,413,126
3680,5,358,57
3681,1,486,280
3681,2,156,93
3681,4,416,126
3681,5,360,58
3682,1,486,280
3682,2,151,91
3682,4,419,126
3682,5,362,59
3683,1,488,281
3683,2,147,92
3683,4,422,127
3683,5,364,59
3684,1,489,281
3684,2,142,93
3684,4,424,126
3684,5,365,60
3685,1,491,281
3685,2,137,96
3685,4,425,126
3685,5,366,60
3686,1,494,282
3686,2,133,99
3686,4,425,125
3686,5,363,62
3687,1,497,282
3687,2,128,102
3687,4,426,125
3687,5,358,64
3688,1,497,285
3688,2,125,104
3688,4,426,125
3688,5,354,65
3689,1,496,289
3689,2,121,105
3689,4,426,124
3689,5,350,66
3690,1,488,304
3690,2,118,106
3690,4,426,124
3690,5,347,67
3691,1,478,319
3691,2,115,106
3691,4,427,122
3691,5,345,70
3692,1,472,329
3692,2,112,107
3692,4,428,121
3692,5,342,72
3693,1,469,335
3693,2,110,107
3693,4,428,121
3693,5,340,74
3694,1,468,337
3694,2,107,107
3694,4,428,121
3694,5,338,75
3695,1,469,338
3695,2,105,108
3695,4,429,120
3695,5,336,76
3696,1,470,339
3696,2,102,109
3696,4,430,120
3696,5,334,77
3697,1,473,339
3697,2,99,110
3697,4,429,120
3697,5,333,76
3698,1,476,340
3698,2,96,112
3698,4,430,120
3698,5,329,75
3699,1,480,340
3699,2,93,112
3699,4,431,120
3699,5,325,74
3700,1,484,340
3700,2,90,113
3700,4,431,120
3700,5,321,74
3701,1,488,340
3701,2,89,112
3701,4,432,121
3701,5,317,74
3702,1,491,341
3702,2,87,112
3702,4,433,120
3702,5,313,75
3703,1,494,342
3703,2,84,115
3703,4,434,121
3703,5,308,80
3704,1,496,343
3704,2,82,120
3704,4,436,121
3704,5,301,86
3705,1,499,344
3705,2,80,122
3705,4,437,121
3705,5,293,92
3706,1,500,344
3706,2,79,125
3706,4,437,122
3706,5,287,97
3707,1,502,344
3707,2,77,128
3707,4,438,122
3707,5,280,100
3708,1,503,345
3708,2,76,130
3708,4,438,122
3708,5,274,101
3709,1,504,345
3709,2,75,131
3709,4,438,122
3709,5,267,102
3710,1,505,346
3710,2,74,132
3710,4,439,122
3710,5,260,103
3711,2,73,132
3711,4,439,121
3711,5,256,104
3712,2,72,133
3712,4,439,121
3712,5,254,104
3713,2,71,133
3713,4,439,121
3713,5,252,104
3714,2,71,132
3714,4,439,121
3714,5,249,103
3715,1,505,354
3715,2,70,133
3715,4,439,121
3715,5,245,103
3716,1,503,360
3716,2,70,132
3716,4,439,122
3716,5,241,102
3717,1,500,366
3717,2,69,132
3717,4,438,122
3717,5,236,102
3718,2,69,132
3718,4,438,121
3718,5,231,101
3719,2,69,132
3719,4,438,121
3719,5,224,101
3720,2,69,132
3720,4,438,121
3720,5,217,100
3721,2,69,132
3721,4,438,121
3721,5,211,100
3722,2,69,131
3722,4,438,121
3722,5,205,99
3723,2,69,131
3723,4,437,121
3723,5,201,99
3724,2,69,131
3724,4,437,121
3724,5,198,99
3725,2,69,131
3725,4,437,121
3725,5,195,98
3726,2,69,131
3726,4,436,121
3726,5,192,97
3727,2,69,131
3727,4,436,121
3727,5,191,97
3728,2,70,131
3728,4,436,121
3728,5,190,96
3729,2,70,131
3729,4,436,121
3729,5,189,96
3730,2,70,131
3730,4,436,121
3730,5,188,95
3731,2,70,131
3731,4,436,121
3731,5,188,95
3732,2,70,130
3732,4,436,121
3732,5,188,94
3733,2,70,130
3733,4,435,121
3733,5,187,92
3734,2,70,130
3734,4,435,121
3734,5,185,90
3735,2,70,130
3735,4,435,121
3735,5,182,87
3736,1,489,366
3736,2,70,130
3736,4,435,121
3736,5,179,84
3737,1,489,365
3737,2,70,130
3737,4,435,121
3737,5,177,82
3738,1,490,364
3738,2,70,130
3738,4,435,122
3738,5,175,80
3739,1,491,362
3739,2,70,130
3739,4,435,121
3739,5,173,79
3740,1,493,361
3740,2,70,130
3740,4,435,121
3740,5,172,78
3741,1,494,359
3741,2,70,130
3741,4,435,121
3741,5,172,78
3742,1,495,358
3742,2,70,130
3742,4,435,121
3742,5,171,78
3743,1,496,357
3743,2,70,130
3743,4,435,121
3743,5,171,78
3744,1,497,356
3744,2,70,130
3744,4,435,121
3744,5,171,78
3745,1,498,355
3745,2,70,130
3745,4,435,120
3745,5,171,78
3746,1,498,355
3746,2,70,130
3746,4,435,120
3746,5,171,78
3747,1,498,355
3747,2,70,130
3747,4,435,120
3747,5,171,79
3748,1,499,355
3748,2,70,130
3748,4,434,120
3748,5,171,79
3749,1,499,355
3749,2,70,130
3749,4,434,120
3749,5,172,78
3750,1,499,354
3750,2,70,130
3750,4,434,120
3750,5,172,78
3751,1,499,354
3751,2,70,130
3751,4,434,120
3751,5,172,78
3752,1,499,354
3752,2,70,130
3752,4,435,120
3752,5,172,78
3753,1,499,353
3753,2,70,130
3753,4,435,120
3753,5,172,78
3754,1,499,353
3754,2,70,130
3754,4,435,120
3754,5,172,78
3755,1,498,353
3755,2,70,130
3755,4,434,120
3755,5,172,78
3756,1,498,353
3756,2,70,130
3756,4,434,120
3756,5,172,78
3757,1,497,353
3757,2,70,131
3757,4,434,120
3757,5,172,78
3758,1,497,353
3758,2,70,131
3758,4,433,120
3758,5,172,78
3759,1,496,353
3759,2,70,130
3759,4,433,120
3759,5,172,78
3760,1,496,353
3760,2,70,130
3760,4,434,119
3760,5,172,78
3761,1,496,353
3761,2,70,130
3761,4,434,119
3761,5,172,78
3762,1,495,353
3762,2,70,130
3762,4,434,119
3762,5,173,78
3763,1,495,353
3763,2,70,130
3763,4,435,119
3763,5,173,78
3764,1,495,353
3764,2,70,130
3764,4,435,120
3764,5,173,78
3765,1,495,353
3765,2,70,130
3765,4,435,120
3765,5,173,78
3766,1,495,353
3766,2,70,130
3766,4,435,121
3766,5,173,78
3767,1,495,353
3767,2,70,130
3767,4,436,121
3767,5,173,78
3768,1,495,353
3768,2,70,130
3768,4,436,121
3768,5,173,78
3769,1,495,353
3769,2,70,130
3769,4,436,121
3769,5,173,78
3770,1,494,353
3770,2,70,130
3770,4,437,122
3770,5,173,78
3771,1,494,353
3771,2,70,130
3771,4,438,122
3771,5,173,78
3772,1,494,353
3772,2,70,131
3772,4,438,122
3772,5,172,78
3773,1,494,353
3773,2,70,131
3773,4,439,122
3773,5,172,78
3774,1,494,353
3774,2,70,131
3774,4,439,122
3774,5,171,78
3775,1,494,353
3775,2,70,130
3775,4,440,122
3775,5,171,78
3776,1,494,352
3776,2,70,130
3776,4,440,122
3776,5,172,78
3777,1,494,352
3777,2,70,130
3777,4,439,122
3777,5,172,78
3778,1,494,352
3778,2,71,130
3778,4,439,122
3778,5,172,77
3779,1,494,352
3779,2,71,130
3779,4,438,122
3779,5,172,77
3780,1,494,352
3780,2,71,130
3780,4,437,122
3780,5,173,77
3781,1,494,353
3781,2,71,130
3781,4,436,123
3781,5,174,78
3782,1,495,353
3782,2,71,131
3782,4,435,122
3782,5,175,78
3783,1,495,353
3783,2,71,131
3783,4,434,123
3783,5,177,78
3784,1,495,353
3784,2,71,131
3784,4,433,123
3784,5,178,79
3785,1,495,353
3785,2,71,131
3785,4,432,123
3785,5,179,79
3786,1,495,353
3786,2,71,131
3786,4,431,124
3786,5,181,80
3787,1,495,353
3787,2,71,131
3787,4,430,125
3787,5,183,81
3788,1,495,353
3788,2,71,131
3788,4,428,126
3788,5,186,82
3789,1,495,353
3789,2,72,131
3789,4,426,129
3789,5,189,83
3790,1,495,353
3790,2,72,131
3790,4,423,133
3790,5,192,84
3791,1,495,353
3791,2,73,131
3791,4,420,137
3791,5,194,84
3792,1,495,353
3792,2,73,131
3792,4,417,141
3792,5,197,85
3793,1,495,353
3793,2,74,132
3793,4,414,144
3793,5,200,85
3794,1,495,353
3794,2,75,132
3794,4,413,147
3794,5,207,87
3795,1,495,353
3795,2,76,132
3795,4,412,148
3795,5,214,89
3796,1,495,353
3796,2,76,133
3796,4,411,149
3796,5,219,91
3797,1,495,353
3797,2,76,134
3797,4,411,149
3797,5,222,96
3798,1,494,353
3798,2,77,135
3798,4,411,149
3798,5,223,105
3799,1,494,352
3799,2,78,136
3799,4,411,149
3799,5,226,111
3800,1,494,352
3800,2,78,139
3800,4,412,149
3800,5,230,115
3801,1,493,352
3801,2,78,142
3801,4,412,149
3801,5,235,117
3802,1,492,352
3802,2,77,147
3802,4,413,149
3802,5,239,120
3803,1,491,352
3803,2,77,151
3803,4,413,149
3803,5,244,121
3804,1,490,352
3804,2,77,154
3804,4,413,149
3804,5,251,121
3805,1,489,351
3805,2,77,158
3805,4,414,149
3805,5,258,120
3806,1,488,351
3806,2,77,161
3806,4,415,148
3806,5,264,118
3807,1,487,351
3807,2,78,165
3807,4,416,149
3807,5,270,117
3808,1,487,351
3808,2,79,167
3808,4,416,149
3808,5,275,117
3809,1,485,351
3809,2,80,169
3809,4,416,149
3809,5,281,117
3810,1,484,351
3810,2,81,170
3810,4,416,149
3810,5,287,118
3811,1,484,351
3811,2,82,172
3811,4,416,148
3811,5,294,119
3812,1,483,350
3812,2,82,173
3812,4,417,148
3812,5,300,121
3813,1,482,350
3813,2,83,174
3813,4,417,148
3813,5,305,121
3814,1,481,350
3814,2,84,174
3814,4,417,148
3814,5,309,122
3815,1,480,350
3815,2,85,174
3815,4,417,147
3815,5,312,122
3816,1,479,349
3816,2,86,175
3816,4,417,147
3816,5,316,123
3817,1,478,349
3817,2,88,175
3817,4,417,147
3817,5,323,125
3818,1,477,349
3818,2,90,175
3818,4,418,147
3818,5,327,126
3819,1,477,349
3819,2,92,175
3819,4,418,148
3819,5,329,127
3820,1,477,349
3820,2,93,175
3820,4,418,148
3820,5,331,127
3821,1,476,349
3821,2,94,175
3821,4,419,148
3821,5,332,126
3822,1,476,349
3822,2,95,177
3822,4,419,148
3822,5,332,125
3823,1,475,348
3823,2,97,180
3823,4,419,148
3823,5,332,125
3824,1,474,348
3824,2,98,183
3824,4,419,148
3824,5,333,124
3825,1,471,347
3825,2,100,186
3825,4,419,148
3825,5,334,123
3826,1,468,346
3826,2,101,187
3826,4,419,148
3826,5,336,120
3827,1,465,346
3827,2,102,189
3827,4,419,148
3827,5,336,119
3828,1,461,345
3828,2,104,190
3828,4,419,148
3828,5,338,117
3829,1,458,344
3829,2,106,191
3829,4,419,148
3829,5,340,115
3830,1,455,344
3830,2,107,192
3830,4,419,148
3830,5,342,111
3831,1,453,343
3831,2,108,194
3831,4,419,148
3831,5,344,108
3832,1,450,343
3832,2,109,195
3832,4,420,149
3832,5,346,106
3833,1,448,342
3833,2,110,198
3833,4,419,149
3833,5,347,106
3834,1,447,342
3834,2,111,200
3834,4,419,149
3834,5,347,105
3835,1,446,341
3835,2,111,205
3835,4,418,148
3835,5,348,104
3836,1,445,341
3836,2,111,214
3836,4,415,149
3836,5,348,102
3837,1,444,340
3837,2,110,229
3837,4,409,150
3837,5,349,100
3838,1,443,339
3838,2,109,242
3838,4,403,152
3838,5,350,98
3839,1,442,337
3839,2,108,252
3839,4,397,156
3839,5,350,97
3840,1,442,334
3840,2,108,260
3840,4,391,160
3840,5,351,97
3841,1,443,329
3841,2,108,267
3841,4,387,163
3841,5,351,97
3842,1,445,323
3842,2,108,272
3842,4,385,166
3842,5,351,97
3843,1,448,315
3843,2,108,277
3843,4,382,166
3843,5,350,97
3844,1,451,308
3844,2,107,280
3844,4,380,167
3844,5,350,97
3845,1,453,302
3845,2,107,282
3845,4,377,166
3845,5,351,96
3846,1,454,296
3846,2,107,284
3846,4,373,166
3846,5,351,96
3847,1,451,290
3847,2,108,285
3847,4,369,165
3847,5,351,97
3848,1,445,286
3848,2,110,287
3848,4,365,164
3848,5,353,95
3849,1,439,284
3849,2,112,288
3849,4,362,166
3849,5,354,91
3850,1,435,282
3850,2,113,289
3850,4,356,171
3850,5,358,83
3851,1,431,282
3851,2,115,290
3851,4,350,178
3851,5,362,74
3852,1,427,281
3852,2,117,290
3852,4,343,183
3852,5,365,69
3853,1,423,280
3853,2,118,289
3853,4,337,188
3853,5,366,68
3854,1,420,280
3854,2,120,290
3854,4,331,191
3854,5,367,68
3855,1,417,279
3855,2,122,290
3855,4,326,192
3855,5,368,68
3856,1,414,278
3856,2,122,291
3856,4,321,192
3856,5,368,67
3857,1,412,277
3857,2,123,292
3857,4,317,192
3857,5,369,66
3858,1,410,273
3858,2,124,293
3858,4,313,192
3858,5,370,64
3859,1,411,269
3859,2,125,294
3859,4,309,192
3859,5,370,65
3860,1,412,263
3860,2,126,294
3860,4,306,191
3860,5,370,66
3861,1,414,256
3861,2,126,294
3861,4,304,191
3861,5,370,67
3862,1,416,250
3862,2,126,294
3862,4,302,190
3862,5,371,67
3863,1,418,244
3863,2,126,294
3863,4,300,189
3863,5,371,67
3864,1,419,238
3864,2,127,294
3864,4,297,189
3864,5,371,68
3865,1,420,235
3865,2,127,294
3865,4,294,188
3865,5,371,68
3866,1,419,232
3866,2,127,294
3866,4,290,187
3866,5,371,68
3867,1,417,231
3867,2,127,293
3867,4,286,186
3867,5,371,68
3868,1,414,230
3868,2,126,293
3868,4,282,185
3868,5,371,67
3869,1,411,230
3869,2,126,293
3869,4,279,185
3869,5,371,68
3870,1,408,229
3870,2,125,293
3870,4,276,185
3870,5,370,68
3871,1,404,229
3871,2,125,293
3871,4,269,184
3871,5,370,69
3872,1,400,228
3872,2,125,293
3872,4,262,183
3872,5,370,69
3873,1,396,226
3873,2,125,293
3873,4,257,182
3873,5,370,69
3874,1,392,224
3874,2,124,293
3874,4,254,181
3874,5,370,69
3875,1,390,222
3875,2,123,292
3875,4,252,180
3875,5,370,69
3876,1,389,218
3876,2,123,293
3876,4,250,180
3876,5,370,69
3877,1,388,214
3877,2,122,292
3877,4,248,180
3877,5,370,69
3878,1,388,210
3878,2,122,292
3878,4,247,179
3878,5,370,69
3879,1,388,206
3879,2,121,292
3879,4,245,178
3879,5,370,69
3880,1,390,201
3880,2,121,292
3880,4,241,176
3880,5,369,69
3881,1,391,196
3881,2,121,292
3881,4,237,175
3881,5,369,69
3882,1,393,189
3882,2,121,291
3882,4,233,176
3882,5,369,69
3883,1,397,180
3883,2,121,290
3883,4,230,176
3883,5,369,69
3884,1,398,173
3884,2,120,289
3884,4,226,175
3884,5,369,68
3885,1,396,165
3885,2,120,289
3885,4,222,174
3885,5,369,68
3886,1,392,160
3886,2,120,288
3886,4,219,171
3886,5,369,69
3887,1,387,157
3887,2,120,287
3887,4,217,168
3887,5,369,69
3888,1,382,155
3888,2,120,286
3888,4,216,164
3888,5,368,70
3889,1,379,155
3889,2,120,285
3889,4,214,160
3889,5,368,71
3890,1,378,155
3890,2,120,285
3890,4,211,157
3890,5,368,71
3891,1,378,154
3891,2,120,285
3891,4,210,155
3891,5,367,72
3892,1,378,154
3892,2,120,284
3892,4,210,154
3892,5,367,72
3893,1,378,154
3893,2,121,285
3893,4,210,153
3893,5,367,72
3894,1,378,153
3894,2,121,285
3894,4,210,153
3894,5,366,72
3895,1,378,151
3895,2,121,285
3895,4,211,152
3895,5,367,71
3896,1,376,149
3896,2,122,285
3896,4,210,152
3896,5,367,71
3897,1,373,146
3897,2,123,284
3897,4,210,152
3897,5,368,71
3898,1,371,144
3898,2,124,285
3898,4,210,152
3898,5,367,72
3899,1,371,142
3899,2,125,285
3899,4,210,152
3899,5,368,71
3900,1,370,141
3900,2,126,285
3900,4,210,152
3900,5,368,70
3901,1,370,141
3901,2,127,285
3901,4,210,152
3901,5,368,70
3902,1,370,140
3902,2,129,286
3902,4,210,152
3902,5,368,70
3903,1,369,139
3903,2,130,287
3903,4,210,152
3903,5,368,70
3904,1,370,139
3904,2,131,287
3904,4,210,153
3904,5,368,70
3905,1,370,139
3905,2,132,287
3905,4,210,153
3905,5,368,70
3906,1,369,139
3906,2,132,287
3906,4,211,153
3906,5,368,71
3907,1,370,140
3907,2,133,287
3907,4,211,153
3907,5,368,70
3908,1,369,141
3908,2,134,287
3908,4,211,153
3908,5,368,70
3909,1,369,142
3909,2,136,288
3909,4,211,153
3909,5,369,70
3910,1,369,142
3910,2,138,289
3910,4,211,153
3910,5,368,70
3911,1,369,142
3911,2,141,289
3911,4,211,153
3911,5,368,70
3912,1,370,142
3912,2,143,290
3912,4,211,152
3912,5,368,71
3913,1,370,142
3913,2,145,291
3913,4,211,152
3913,5,368,71
3914,1,371,142
3914,2,147,292
3914,4,212,151
3914,5,368,71
3915,1,372,143
3915,2,149,292
3915,4,212,151
3915,5,368,70
3916,1,373,143
3916,2,152,293
3916,4,213,149
3916,5,367,70
3917,1,374,143
3917,2,154,294
3917,4,214,146
3917,5,367,70
3918,1,375,143
3918,2,156,294
3918,4,215,143
3918,5,367,71
3919,1,376,143
3919,2,158,295
3919,4,217,138
3919,5,367,71
3920,1,377,143
3920,2,160,295
3920,4,220,133
3920,5,366,72
3921,1,378,144
3921,2,162,295
3921,4,223,128
3921,5,366,72
3922,1,379,144
3922,2,164,296
3922,4,227,124
3922,5,366,72
3923,1,379,144
3923,2,166,296
3923,4,230,121
3923,5,366,72
3924,1,379,144
3924,2,168,297
3924,4,233,119
3924,5,365,73
3925,1,380,144
3925,2,169,297
3925,4,236,118
3925,5,365,73
3926,1,380,144
3926,2,170,298
3926,4,238,117
3926,5,365,73
3927,1,380,144
3927,2,171,299
3927,4,241,117
3927,5,365,73
3928,1,380,144
3928,2,172,299
3928,4,242,117
3928,5,366,72
3929,1,380,144
3929,2,173,301
3929,4,243,116
3929,5,365,73
3930,1,380,144
3930,2,173,303
3930,4,244,116
3930,5,365,73
3931,1,380,143
3931,2,175,306
3931,4,245,114
3931,5,365,73
3932,1,380,143
3932,2,176,309
3932,4,246,114
3932,5,365,73
3933,1,380,143
3933,2,177,310
3933,4,247,113
3933,5,365,73
3934,1,381,143
3934,2,177,311
3934,4,249,112
3934,5,365,73
3935,1,380,143
3935,2,177,312
3935,4,250,113
3935,5,365,73
3936,1,380,143
3936,2,178,312
3936,4,251,113
3936,5,365,73
3937,1,380,143
3937,2,178,312
3937,4,253,113
3937,5,365,73
3938,1,380,143
3938,2,179,312
3938,4,254,112
3938,5,365,73
3939,1,380,143
3939,2,180,312
3939,4,256,111
3939,5,366,73
3940,1,380,143
3940,2,180,313
3940,4,256,110
3940,5,366,72
3941,1,380,143
3941,2,181,312
3941,4,258,108
3941,5,366,72
3942,1,380,143
3942,2,181,312
3942,4,260,107
3942,5,366,72
3943,1,380,143
3943,2,182,312
3943,4,262,105
3943,5,367,71
3944,1,380,143
3944,2,183,313
3944,4,265,104
3944,5,367,71
3945,1,379,144
3945,2,185,313
3945,4,266,103
3945,5,368,70
3946,1,379,144
3946,2,186,313
3946,4,267,103
3946,5,368,70
3947,1,379,144
3947,2,187,314
3947,4,268,103
3947,5,368,70
3948,1,379,143
3948,2,188,314
3948,4,270,103
3948,5,367,70
3949,1,379,143
3949,2,188,314
3949,4,272,103
3949,5,367,70
3950,1,379,143
3950,2,189,315
3950,4,274,103
3950,5,367,70
3951,1,379,143
3951,2,190,315
3951,4,276,103
3951,5,367,70
3952,1,379,143
3952,2,190,315
3952,4,279,103
3952,5,368,69
3953,1,379,143
3953,2,191,316
3953,4,281,104
3953,5,368,69
3954,1,379,143
3954,2,192,316
3954,4,283,106
3954,5,368,69
3955,1,379,143
3955,2,192,316
3955,4,285,108
3955,5,368,69
3956,1,380,143
3956,2,192,316
3956,4,287,110
3956,5,368,69
3957,1,380,143
3957,2,192,316
3957,4,288,113
3957,5,368,70
3958,1,380,143
3958,2,193,316
3958,4,289,116
3958,5,368,70
3959,1,380,143
3959,2,193,316
3959,4,288,119
3959,5,368,70
3960,1,380,143
3960,2,193,316
3960,4,288,120
3960,5,368,70
3961,1,380,143
3961,2,193,316
3961,4,287,121
3961,5,368,70
3962,1,380,143
3962,2,193,316
3962,4,286,121
3962,5,368,69
3963,1,380,143
3963,2,193,316
3963,4,285,121
3963,5,368,70
3964,1,380,143
3964,2,193,316
3964,4,284,121
3964,5,368,70
3965,1,380,143
3965,2,193,316
3965,4,284,121
3965,5,367,70
3966,1,380,143
3966,2,193,316
3966,4,285,121
3966,5,367,70
3967,1,380,143
3967,2,193,316
3967,4,284,121
3967,5,367,71
3968,1,380,143
3968,2,193,316
3968,4,284,121
3968,5,367,71
3969,1,380,143
3969,2,192,316
3969,4,284,121
3969,5,367,71
3970,1,380,143
3970,2,192,315
3970,4,284,121
3970,5,366,72
3971,1,380,143
3971,2,191,315
3971,4,284,121
3971,5,366,72
3972,1,381,144
3972,2,191,315
3972,4,285,121
3972,5,367,71
3973,1,381,144
3973,2,191,315
3973,4,285,121
3973,5,367,71
3974,1,381,144
3974,2,191,315
3974,4,285,121
3974,5,367,71
3975,1,381,144
3975,2,191,316
3975,4,284,121
3975,5,367,71
3976,1,382,144
3976,2,191,315
3976,4,284,121
3976,5,367,71
3977,1,382,144
3977,2,191,315
3977,4,285,121
3977,5,367,71
3978,1,382,144
3978,2,191,316
3978,4,285,121
3978,5,367,71
3979,1,381,144
3979,2,191,316
3979,4,285,121
3979,5,367,71
3980,1,381,144
3980,2,191,316
3980,4,285,121
3980,5,367,71
3981,1,381,144
3981,2,191,315
3981,4,285,121
3981,5,367,71
3982,1,381,144
3982,2,190,315
3982,4,285,121
3982,5,367,71
3983,1,381,144
3983,2,190,315
3983,4,285,121
3983,5,367,71
3984,1,381,143
3984,2,190,315
3984,4,285,121
3984,5,367,71
3985,1,380,143
3985,2,191,316
3985,4,285,121
3985,5,367,71
3986,1,380,143
3986,2,191,315
3986,4,285,121
3986,5,367,72
3987,1,380,143
3987,2,191,316
3987,4,285,121
3987,5,367,72
3988,1,380,143
3988,2,191,316
3988,4,285,121
3988,5,367,72
3989,1,380,143
3989,2,192,316
3989,4,285,121
3989,5,367,72
3990,1,380,143
3990,2,192,316
3990,4,285,121
3990,5,367,72
3991,1,381,143
3991,2,193,316
3991,4,285,121
3991,5,367,72
3992,1,381,144
3992,2,193,316
3992,4,285,121
3992,5,366,72
3993,1,381,143
3993,2,194,316
3993,4,285,121
3993,5,366,72
3994,1,381,144
3994,2,195,315
3994,4,285,121
3994,5,366,72
3995,1,380,144
3995,2,195,314
3995,4,285,121
3995,5,366,72
3996,1,380,144
3996,2,196,313
3996,4,285,121
3996,5,366,72
3997,1,380,144
3997,2,197,312
3997,4,285,121
3997,5,366,72
3998,1,380,144
3998,2,198,311
3998,4,285,121
3998,5,366,72
3999,1,380,144
3999,2,198,310
3999,4,285,121
3999,5,366,72
4000,1,379,144
4000,2,197,308
4000,4,285,121
4000,5,366,72
4001,1,380,144
4001,2,196,307
4001,4,286,121
4001,5,366,72
4002,1,380,144
4002,2,193,306
4002,4,286,121
4002,5,366,72
4003,1,380,143
4003,2,191,305
4003,4,286,121
4003,5,366,72
4004,1,380,143
4004,2,189,304
4004,4,286,121
4004,5,366,73
4005,1,380,144
4005,2,186,303
4005,4,286,121
4005,5,366,73
4006,1,380,144
4006,2,184,302
4006,4,286,121
4006,5,365,73
4007,1,380,144
4007,2,183,302
4007,4,287,121
4007,5,365,73
4008,1,380,144
4008,2,182,301
4008,4,287,121
4008,5,365,73
4009,1,380,144
4009,2,180,301
4009,4,287,122
4009,5,365,73
4010,1,380,144
4010,2,179,301
4010,4,287,122
4010,5,365,73
4011,1,380,144
4011,2,178,301
4011,4,287,122
4011,5,365,73
4012,1,380,144
4012,2,177,300
4012,4,288,122
4012,5,365,73
4013,1,380,144
4013,2,176,300
4013,4,288,122
4013,5,365,73
4014,1,380,144
4014,2,174,300
4014,4,289,122
4014,5,365,73
4015,1,380,143
4015,2,172,299
4015,4,294,123
4015,5,365,73
4016,1,380,143
4016,2,170,299
4016,4,299,123
4016,5,365,73
4017,1,381,143
4017,2,168,298
4017,4,305,123
4017,5,365,73
4018,1,381,144
4018,2,166,297
4018,4,310,123
4018,5,366,72
4019,1,381,144
4019,2,164,295
4019,4,314,124
4019,5,366,72
4020,1,381,144
4020,2,166,287
4020,4,316,124
4020,5,366,72
4021,1,381,144
4021,2,168,279
4021,4,317,124
4021,5,365,73
4022,1,382,143
4022,2,170,272
4022,4,317,124
4022,5,365,74
4023,1,382,143
4023,2,172,268
4023,4,317,125
4023,5,365,74
4024,1,382,143
4024,2,173,264
4024,4,318,125
4024,5,365,74
4025,1,382,143
4025,2,174,263
4025,4,318,126
4025,5,365,74
4026,1,382,143
4026,2,175,262
4026,4,317,126
4026,5,365,73
4027,1,382,143
4027,2,176,262
4027,4,317,125
4027,5,365,73
4028,1,382,143
4028,2,178,262
4028,4,313,125
4028,5,365,74
4029,1,382,143
4029,2,179,262
4029,4,308,124
4029,5,365,74
4030,1,383,144
4030,2,180,262
4030,4,304,124
4030,5,365,74
4031,1,383,144
4031,2,182,262
4031,4,299,123
4031,5,365,75
4032,1,383,144
4032,2,184,261
4032,4,297,122
4032,5,365,75
4033,1,383,144
4033,2,187,258
4033,4,294,121
4033,5,365,75
4034,1,383,143
4034,2,190,254
4034,4,292,120
4034,5,365,75
4035,1,383,143
4035,2,194,249
4035,4,291,118
4035,5,365,75
4036,1,383,143
4036,2,197,245
4036,4,291,116
4036,5,365,74
4037,1,383,143
4037,2,199,241
4037,4,291,114
4037,5,365,74
4038,1,383,143
4038,2,201,240
4038,4,292,112
4038,5,365,74
4039,1,383,143
4039,2,203,238
4039,4,294,110
4039,5,365,75
4040,1,383,144
4040,2,205,237
4040,4,295,107
4040,5,365,75
4041,1,383,144
4041,2,207,236
4041,4,298,105
4041,5,365,75
4042,1,384,144
4042,2,208,236
4042,4,299,102
4042,5,365,76
4043,1,385,144
4043,2,208,236
4043,4,300,102
4043,5,365,76
4044,1,387,145
4044,2,209,237
4044,4,302,100
4044,5,364,77
4045,1,389,147
4045,2,210,237
4045,4,303,98
4045,5,364,77
4046,1,390,150
4046,2,210,237
4046,4,304,97
4046,5,364,77
4047,1,392,155
4047,2,211,237
4047,4,305,98
4047,5,364,76
4048,1,393,161
4048,2,211,236
4048,4,304,99
4048,5,364,76
4049,1,393,168
4049,2,212,234
4049,4,304,100
4049,5,365,75
4050,1,392,174
4050,2,213,231
4050,4,303,103
4050,5,365,75
4051,1,392,181
4051,2,216,226
4051,4,303,104
4051,5,365,75
4052,1,391,186
4052,2,219,223
4052,4,303,105
4052,5,365,74
4053,1,391,191
4053,2,221,221
4053,4,303,106
4053,5,365,74
4054,1,389,196
4054,2,222,219
4054,4,303,105
4054,5,364,75
4055,1,389,199
4055,2,224,217
4055,4,303,105
4055,5,364,75
4056,1,388,201
4056,2,226,215
4056,4,303,104
4056,5,364,75
4057,1,388,203
4057,2,227,212
4057,4,304,104
4057,5,365,75
4058,1,388,204
4058,2,230,210
4058,4,304,105
4058,5,365,74
4059,1,389,204
4059,2,231,210
4059,4,305,104
4059,5,365,74
4060,1,392,205
4060,2,233,209
4060,4,306,104
4060,5,365,74
4061,1,394,206
4061,2,234,209
4061,4,307,105
4061,5,365,74
4062,1,395,206
4062,2,236,209
4062,4,310,103
4062,5,365,74
4063,1,398,206
4063,2,237,208
4063,4,313,103
4063,5,365,74
4064,1,399,207
4064,2,240,208
4064,4,316,102
4064,5,365,74
4065,1,401,207
4065,2,242,208
4065,4,318,101
4065,5,365,74
4066,1,403,208
4066,2,245,206
4066,4,321,100
4066,5,365,74
4067,1,406,208
4067,2,247,206
4067,4,323,100
4067,5,365,74
4068,1,408,208
4068,2,250,205
4068,4,324,101
4068,5,365,74
4069,1,410,209
4069,2,252,205
4069,4,332,84
4069,5,365,74
4070,1,412,208
4070,2,254,205
4070,4,338,70
4070,5,365,74
4071,1,413,209
4071,2,255,205
4071,4,343,62
4071,5,365,73
4072,1,415,209
4072,2,257,205
4072,4,345,59
4072,5,365,73
4073,1,416,209
4073,2,259,206
4073,4,345,59
4073,5,365,74
4074,1,418,209
4074,2,261,206
4074,4,345,59
4074,5,365,74
4075,1,419,209
4075,2,262,206
4075,4,344,61
4075,5,365,74
4076,1,419,209
4076,2,262,207
4076,4,343,61
4076,5,365,74
4077,1,420,209
4077,2,264,207
4077,4,342,64
4077,5,365,74
4078,1,420,209
4078,2,265,207
4078,4,337,75
4078,5,366,74
4079,1,420,209
4079,2,267,207
4079,4,327,97
4079,5,366,73
4080,1,420,209
4080,2,269,208
4080,4,320,113
4080,5,366,73
4081,1,420,209
4081,2,272,208
4081,4,314,122
4081,5,366,72
4082,1,420,209
4082,2,274,208
4082,4,311,127
4082,5,366,72
4083,1,421,209
4083,2,275,209
4083,4,310,129
4083,5,367,71
4084,1,421,209
4084,2,276,208
4084,4,308,130
4084,5,367,71
4085,1,421,209
4085,2,276,208
4085,4,308,131
4085,5,367,71
4086,1,420,209
4086,2,277,208
4086,4,307,131
4086,5,366,72
4087,1,420,209
4087,2,276,208
4087,4,308,130
4087,5,366,72
4088,1,420,209
4088,2,276,208
4088,4,307,131
4088,5,366,72
4089,1,420,209
4089,2,276,207
4089,4,307,133
4089,5,366,72
4090,1,419,209
4090,2,275,208
4090,4,307,133
4090,5,366,72
4091,1,419,209
4091,2,275,207
4091,4,307,132
4091,5,365,73
4092,1,419,209
4092,2,275,207
4092,4,307,131
4092,5,366,72
4093,1,419,209
4093,2,274,207
4093,4,309,128
4093,5,366,72
4094,1,419,209
4094,2,274,207
4094,4,310,127
4094,5,366,73
4095,1,418,209
4095,2,274,207
4095,4,311,125
4095,5,366,73
4096,1,418,209
4096,2,274,206
4096,4,311,125
4096,5,366,73
4097,1,418,209
4097,2,274,205
4097,4,310,127
4097,5,366,72
4098,1,418,209
4098,2,275,204
4098,4,310,130
4098,5,366,73
4099,1,418,209
4099,2,275,203
4099,4,310,131
4099,5,366,73
4100,1,418,209
4100,2,276,203
4100,4,309,132
4100,5,366,73
4101,1,418,209
4101,2,276,203
4101,4,308,133
4101,5,366,72
4102,1,417,209
4102,2,277,202
4102,4,308,133
4102,5,366,72
4103,1,417,209
4103,2,277,201
4103,4,308,134
4103,5,366,72
4104,1,417,209
4104,2,278,200
4104,4,307,134
4104,5,365,73
4105,1,417,209
4105,2,280,199
4105,4,307,134
4105,5,366,72
4106,1,417,209
4106,2,281,197
4106,4,307,135
4106,5,365,73
4107,1,417,209
4107,2,283,196
4107,4,307,135
4107,5,365,73
4108,1,417,209
4108,2,284,195
4108,4,307,134
4108,5,365,73
4109,1,417,209
4109,2,285,194
4109,4,307,134
4109,5,366,71
4110,1,417,209
4110,2,286,195
4110,4,307,135
4110,5,367,69
4111,1,417,209
4111,2,288,194
4111,4,308,135
4111,5,368,66
4112,1,417,209
4112,2,289,195
4112,4,308,135
4112,5,370,63
4113,1,417,209
4113,2,291,195
4113,4,308,135
4113,5,371,60
4114,1,416,209
4114,2,293,195
4114,4,309,135
4114,5,373,56
4115,1,416,209
4115,2,294,195
4115,4,309,135
4115,5,373,55
4116,1,416,209
4116,2,295,196
4116,4,309,136
4116,5,374,52
4117,1,416,209
4117,2,296,196
4117,4,309,135
4117,5,375,50
4118,1,416,209
4118,2,297,196
4118,4,309,135
4118,5,376,49
4119,1,416,209
4119,2,298,196
4119,4,309,136
4119,5,377,48
4120,1,416,209
4120,2,299,196
4120,4,309,136
4120,5,378,45
4121,1,416,209
4121,2,299,196
4121,4,309,136
4121,5,379,43
4122,1,416,209
4122,2,300,196
4122,4,309,136
4122,5,380,41
4123,1,416,209
4123,2,300,196
4123,4,309,136
4123,5,381,38
4124,1,416,209
4124,2,300,197
4124,4,309,136
4124,5,382,37
4125,1,416,209
4125,2,301,197
4125,4,309,136
4125,5,383,34
4126,1,416,209
4126,2,301,197
4126,4,309,136
4127,1,416,209
4127,2,301,197
4127,4,309,136
4128,1,416,208
4128,2,302,197
4128,4,309,137
4129,1,416,208
4129,2,302,197
4129,4,309,136
4130,1,416,208
4130,2,302,197
4130,4,309,136
4131,1,416,209
4131,2,302,197
4131,4,310,136
4132,1,416,209
4132,2,303,197
4132,4,310,136
4133,1,416,209
4133,2,303,197
4133,4,310,136
4134,1,416,209
4134,2,303,196
4134,4,310,136
4135,1,416,209
4135,2,303,197
4135,4,310,135
4136,1,416,209
4136,2,303,196
4136,4,311,135
4137,1,416,209
4137,2,303,197
4137,4,311,135
4138,1,416,209
4138,2,303,197
4138,4,311,136
4139,1,416,209
4139,2,302,197
4139,4,311,136
4140,1,416,209
4140,2,302,197
4140,4,311,136
4141,1,416,209
4141,2,301,196
4141,4,311,136
4142,1,416,209
4142,2,301,196
4142,4,311,136
4143,1,416,209
4143,2,300,196
4143,4,311,136
4144,1,416,209
4144,2,300,196
4144,4,311,136
4145,1,416,209
4145,2,299,196
4145,4,311,136
4146,1,416,208
4146,2,299,196
4146,4,311,136
4147,1,416,208
4147,2,298,195
4147,4,312,136
4148,1,416,208
4148,2,297,195
4148,4,312,136
4149,1,416,208
4149,2,296,195
4149,4,312,136
4150,1,416,209
4150,2,295,194
4150,4,312,136
4151,1,416,208
4151,2,294,194
4151,4,312,136
4152,1,416,208
4152,2,294,194
4152,4,311,137
4153,1,416,209
4153,2,293,194
4153,4,311,137
4154,1,416,208
4154,2,293,194
4154,4,311,137
4155,1,416,208
4155,2,292,195
4155,4,311,137
4156,1,416,208
4156,2,291,196
4156,4,311,137
4157,1,416,208
4157,2,290,198
4157,4,311,137
4158,1,416,208
4158,2,288,201
4158,4,311,137
4159,1,416,208
4159,2,287,205
4159,4,311,137
4160,1,416,208
4160,2,285,208
4160,4,311,137
4161,1,416,208
4161,2,284,211
4161,4,310,137
4162,1,416,208
4162,2,282,214
4162,4,311,137
4163,1,416,208
4163,2,281,215
4163,4,311,137
4164,1,416,208
4164,2,280,216
4164,4,311,138
4165,1,416,208
4165,2,279,217
4165,4,311,138
4166,1,416,208
4166,2,279,217
4166,4,311,138
4167,1,416,208
4167,2,279,217
4167,4,311,138
4168,1,416,208
4168,2,278,217
4168,4,311,137
4169,1,416,208
4169,2,278,217
4169,4,311,137
4170,1,416,208
4170,2,278,217
4170,4,311,137
4171,1,416,208
4171,2,278,216
4171,4,311,137
4172,1,416,208
4172,2,278,216
4172,4,311,137
4173,1,416,208
4173,2,278,216
4173,4,311,137
4174,1,416,208
4174,2,278,216
4174,4,311,137
4175,1,416,208
4175,2,278,216
4175,4,311,137
4176,1,416,208
4176,2,278,216
4176,4,311,137
4177,1,416,208
4177,2,279,216
4177,4,311,137
4178,1,416,208
4178,2,279,217
4178,4,311,138
4179,1,416,208
4179,2,280,217
4179,4,311,138
4180,1,416,208
4180,2,280,217
4180,4,311,139
4181,1,416,208
4181,2,280,218
4181,4,311,138
4182,1,416,208
4182,2,280,217
4182,4,311,138
4183,1,416,208
4183,2,280,218
4183,4,311,138
4184,1,416,208
4184,2,280,218
4184,4,311,138
4185,1,416,208
4185,2,281,218
4185,4,311,138
4186,1,416,208
4186,2,281,218
4186,4,311,138
4187,1,416,208
4187,2,281,218
4187,4,311,138
4188,1,416,208
4188,2,281,218
4188,4,311,138
4189,1,416,208
4189,2,281,218
4189,4,311,138
4190,1,416,208
4190,2,281,218
4190,4,312,138
4191,1,416,208
4191,2,281,218
4191,4,312,137
4192,1,416,208
4192,2,281,218
4192,4,312,137
4193,1,416,208
4193,2,281,218
4193,4,312,137
4194,1,415,208
4194,2,282,218
4194,4,312,137
4195,1,415,208
4195,2,282,218
4195,4,312,136
4196,1,415,208
4196,2,282,219
4196,4,312,136
4197,1,415,208
4197,2,283,218
4197,4,312,136
4198,1,415,208
4198,2,283,218
4198,4,312,136
4199,1,415,208
4199,2,284,219
4199,4,312,136
4200,1,415,208
4200,2,284,219
4200,4,312,136
4201,1,415,208
4201,2,284,219
4201,4,312,136
4202,1,415,208
4202,2,285,218
4202,4,311,137
4203,1,415,208
4203,2,285,218
4203,4,311,137
4204,1,415,208
4204,2,285,218
4204,4,311,137
4205,1,415,208
4205,2,286,218
4205,4,311,138
4206,1,415,208
4206,2,286,218
4206,4,311,137
4207,1,415,208
4207,2,286,218
4207,4,311,137
4208,1,415,208
4208,2,287,218
4208,4,311,137
4209,1,415,208
4209,2,287,218
4209,4,311,137
4210,1,415,208
4210,2,287,218
4210,4,311,138
4211,1,415,208
4211,2,288,217
4211,4,311,138
4212,1,415,208
4212,2,288,216
4212,4,311,138
4213,1,415,208
4213,2,288,215
4213,4,311,138
4214,1,415,208
4214,2,289,214
4214,4,311,137
4215,1,415,208
4215,2,290,212
4215,4,312,137
4216,1,415,208
4216,2,291,210
4216,4,312,137
4217,1,414,208
4217,2,291,208
4217,4,312,137
4218,1,414,208
4218,2,293,205
4218,4,312,137
4219,1,414,208
4219,2,294,202
4219,4,312,137
4220,1,415,208
4220,2,296,199
4220,4,312,137
4221,1,415,208
4221,2,297,197
4221,4,312,137
4222,1,415,208
4222,2,297,196
4222,4,312,137
4223,1,415,208
4223,2,298,196
4223,4,312,137
4224,1,415,208
4224,2,299,196
4224,4,313,137
4225,1,415,208
4225,2,300,196
4225,4,313,137
4226,1,415,208
4226,2,301,197
4226,4,313,137
4227,1,415,208
4227,2,303,197
4227,4,312,137
4228,1,415,208
4228,2,304,197
4228,4,312,137
4229,1,415,208
4229,2,306,197
4229,4,312,137
4230,1,415,208
4230,2,308,198
4230,4,312,137
4231,1,415,208
4231,2,310,197
4231,4,312,137
4232,1,415,208
4232,2,311,197
4232,4,312,137
4233,1,415,208
4233,2,313,197
4233,4,312,137
4234,1,415,208
4234,2,313,197
4234,4,312,137
4235,1,415,208
4235,2,314,197
4235,4,312,137
4236,1,415,208
4236,2,315,197
4236,4,311,137
4237,1,415,208
4237,2,315,198
4237,4,311,137
4238,1,415,208
4238,2,316,197
4238,4,311,137
4239,1,415,208
4239,2,315,198
4239,4,311,137
4240,1,415,208
4240,2,316,197
4240,4,312,136
4241,1,415,208
4241,2,316,197
4241,4,311,137
4242,1,415,208
4242,2,316,197
4242,4,312,137
4243,1,415,208
4243,2,316,197
4243,4,312,137
4244,1,414,208
4244,2,316,197
4244,4,312,137
4245,1,414,208
4245,2,316,197
4245,4,312,137
4246,1,414,209
4246,2,316,197
4246,4,312,137
4247,1,414,208
4247,2,316,197
4247,4,312,137
4248,1,414,208
4248,2,316,197
4248,4,312,137
4249,1,414,208
4249,2,316,197
4249,4,312,137
4250,1,414,208
4250,2,316,197
4250,4,311,137
4251,1,414,208
4251,2,316,197
4251,4,311,137
4252,1,414,209
4252,2,316,197
4252,4,311,137
4253,1,414,209
4253,2,317,197
4253,4,311,137
4254,1,414,209
4254,2,317,197
4254,4,311,137
4255,1,414,209
4255,2,317,197
4255,4,311,137
4256,1,414,209
4256,2,317,197
4256,4,311,137
4257,1,414,208
4257,2,317,197
4257,4,311,137
4258,1,414,208
4258,2,317,197
4258,4,311,137
4259,1,415,208
4259,2,317,197
4259,4,311,137
4260,1,415,208
4260,2,317,197
4260,4,311,137
4261,1,415,208
4261,2,317,197
4261,4,311,137
4262,1,415,208
4262,2,317,197
4262,4,311,137
4263,1,416,208
4263,2,318,197
4263,4,311,137
4264,1,416,208
4264,2,318,197
4264,4,311,137
4265,1,416,208
4265,2,318,197
4265,4,311,137
4266,1,416,208
4266,2,318,197
4266,4,311,137
4267,1,416,208
4267,2,318,197
4267,4,311,137
4268,1,416,208
4268,2,318,197
4268,4,311,137
4269,1,416,208
4269,2,318,197
4269,4,311,137
4270,1,416,208
4270,2,318,197
4270,4,311,137
4271,1,416,208
4271,2,319,197
4271,4,311,137
4272,1,416,209
4272,2,319,197
4272,4,311,137
4273,1,416,209
4273,2,319,197
4273,4,311,137
4274,1,416,209
4274,2,319,197
4274,4,311,137
4275,1,416,209
4275,2,319,197
4275,4,311,137
4276,1,416,208
4276,2,319,197
4276,4,311,137
4277,1,415,208
4277,2,319,197
4277,4,311,138
4278,1,415,208
4278,2,319,197
4278,4,310,137
4279,1,415,208
4279,2,319,197
4279,4,311,137
4280,1,415,208
4280,2,319,197
4280,4,312,137
4281,1,415,208
4281,2,319,197
4281,4,314,136
4282,1,415,208
4282,2,319,197
4282,4,317,132
4283,1,416,208
4283,2,319,197
4283,4,321,127
4284,1,416,208
4284,2,319,197
4284,4,326,123
4285,1,416,208
4285,2,318,197
4285,4,335,113
4286,1,416,208
4286,2,318,197
4286,4,344,104
4287,1,416,208
4287,2,318,197
4287,4,351,97
4288,1,416,208
4288,2,318,197
4288,4,356,92
4289,1,416,208
4289,2,318,197
4289,4,360,87
4290,1,415,208
4290,2,318,197
4290,4,361,87
4291,1,415,208
4291,2,318,197
4291,4,360,89
4292,1,415,208
4292,2,318,197
4292,4,360,90
4293,1,415,208
4293,2,317,197
4293,4,360,90
4294,1,415,208
4294,2,317,197
4294,4,359,89
4295,1,415,207
4295,2,317,196
4295,4,359,88
4296,1,414,208
4296,2,317,196
4296,4,359,87
4297,1,414,208
4297,2,318,194
4297,4,359,84
4298,1,414,207
4298,2,318,192
4298,4,361,82
4299,1,413,208
4299,2,319,187
4299,4,362,79
4300,1,413,208
4300,2,321,181
4301,1,414,207
4301,2,324,173
4302,1,414,207
4302,2,328,162
4303,1,414,207
4303,2,331,153
4304,1,414,207
4304,2,333,148
4305,1,414,207
4305,2,334,144
4306,1,412,207
4306,2,335,143
4307,1,412,207
4307,2,335,142
4308,1,412,207
4308,2,335,142
4309,1,412,207
4309,2,336,141
4310,1,411,206
4310,2,336,140
4311,1,408,205
4311,2,337,136
4312,1,407,203
4312,2,339,132
4313,1,405,202
4313,2,342,126
4314,1,405,199
4314,2,344,119
4315,1,404,195
4315,2,348,110
4316,1,405,190
4316,2,353,100
4317,1,408,183
4317,2,357,93
4318,1,410,177
4318,2,360,88
4319,1,412,172
4319,2,361,85
4320,1,412,169
4320,2,362,84
4321,1,410,167
4321,2,363,84
4322,1,407,166
4322,2,363,83
4323,1,403,165
4323,2,363,83
4324,1,399,166
4324,2,364,81
4325,1,396,165
4325,2,365,78
4326,1,395,164
4326,2,366,75
4327,1,393,164
4327,2,367,70
4328,1,392,163
4328,2,370,63
4329,1,392,162
4329,2,373,55
4330,1,392,161
4330,2,375,48
4331,1,392,158
4331,2,377,42
4332,1,391,153
4332,2,376,40
4333,1,392,146
4333,2,375,38
4334,1,394,139
4334,2,374,38
4335,1,396,132
4335,2,371,37
4336,1,398,125
4336,2,370,36
4337,1,400,118
4337,2,368,34
4338,1,401,114
4339,1,401,112
4340,1,399,111
4341,1,397,111
4342,1,395,111
4343,1,392,111
4344,1,390,110
4345,1,389,108
4346,1,389,104
4347,1,389,99
4348,1,389,94
4349,1,389,88
4350,1,390,80
4351,1,392,71
4352,1,393,64
4353,1,391,61
4354,1,387,60
4355,1,383,59
4356,1,380,59
4357,1,375,59
4358,1,372,59
4359,1,370,58
4360,1,369,58
4361,1,367,57
4362,1,366,53
4363,1,365,49
4364,1,364,43
4365,1,364,36
6268,10,370,39
6269,10,368,47
6270,10,365,56
6271,10,363,64
6272,10,361,69
6273,10,359,75
6274,10,357,78
6275,10,356,80
6276,10,354,82
6277,10,353,83
6278,10,353,84
6279,10,352,83
6280,10,350,84
6281,10,349,84
6282,10,346,84
6283,10,345,82
6284,10,343,82
6285,10,341,81
6286,10,339,81
6287,10,336,81
6288,10,332,81
6289,10,328,80
6290,10,324,80
6291,10,320,79
6292,10,315,79
6293,10,311,79
6294,10,306,78
6295,10,301,79
6296,10,295,82
6297,10,289,84
6298,10,284,88
6299,10,280,89
6299,11,390,64
6300,10,275,90
6300,11,392,65
6301,10,269,89
6301,11,396,65
6302,10,262,89
6302,11,399,65
6303,10,255,89
6303,11,402,65
6304,10,250,89
6304,11,405,66
6305,10,246,90
6305,11,410,67
6306,10,242,90
6306,11,413,68
6307,10,237,90
6307,11,417,70
6308,10,234,90
6308,11,419,73
6309,10,229,90
6309,11,420,76
6310,10,223,90
6310,11,422,80
6311,10,219,89
6311,11,424,83
6312,10,214,88
6312,11,427,87
6313,10,209,87
6313,11,432,91
6314,10,204,87
6314,11,437,95
6315,10,197,86
6315,11,439,100
6316,10,190,85
6316,11,441,105
6317,10,185,85
6317,11,442,108
6318,10,181,84
6318,11,444,112
6319,10,177,84
6319,11,447,116
6320,10,173,84
6320,11,451,118
6321,10,170,83
6321,11,454,120
6322,10,168,81
6322,11,457,121
6323,10,164,80
6323,11,460,123
6324,10,157,78
6324,11,464,124
6325,10,150,75
6325,11,466,124
6326,10,143,74
6326,11,467,124
6327,10,136,77
6327,11,468,125
6327,12,362,34
6328,10,129,83
6328,11,468,125
6328,12,365,35
6329,10,124,90
6329,11,468,124
6329,12,367,37
6330,10,118,100
6330,11,468,125
6330,12,371,37
6331,10,112,109
6331,11,469,125
6331,12,374,41
6332,10,108,117
6332,11,471,125
6332,12,375,47
6333,10,104,123
6333,11,472,124
6333,12,374,55
6334,10,102,127
6334,11,473,125
6334,12,373,63
6335,10,99,129
6335,11,473,127
6335,12,373,68
6336,10,96,131
6336,11,472,130
6336,12,372,73
6337,10,93,132
6337,11,471,133
6337,12,373,76
6338,10,91,132
6338,11,470,138
6338,12,374,79
6339,10,89,131
6339,11,469,142
6339,12,375,81
6340,10,87,132
6340,11,469,146
6340,12,377,82
6341,10,85,132
6341,11,468,149
6341,12,379,83
6342,10,83,132
6342,11,467,153
6342,12,381,83
6343,10,81,133
6343,11,467,155
6343,12,384,80
6344,10,78,139
6344,11,469,157
6344,12,385,81
6345,10,75,149
6345,11,470,158
6345,12,385,84
6346,10,72,162
6346,11,472,159
6346,12,384,90
6347,10,69,172
6347,11,473,159
6347,12,383,96
6348,10,67,180
6348,11,475,160
6348,12,380,107
6349,10,65,186
6349,11,478,160
6349,12,378,115
6350,10,63,189
6350,11,481,161
6350,12,377,121
6351,10,62,190
6351,11,484,162
6351,12,378,124
6352,10,61,190
6352,11,487,162
6352,12,379,125
6353,10,61,190
6353,11,490,163
6353,12,380,126
6354,10,61,189
6354,11,493,163
6354,12,381,126
6355,10,61,189
6355,11,495,164
6355,12,383,126
6356,10,62,188
6356,11,497,165
6356,12,385,127
6357,10,63,190
6357,11,501,166
6357,12,386,130
6358,10,63,192
6358,11,503,167
6358,12,386,137
6359,10,64,194
6359,12,387,141
6360,10,64,215
6360,12,390,144
6361,10,64,232
6361,12,393,147
6362,10,64,244
6362,12,395,149
6363,10,63,252
6363,12,397,149
6364,10,63,259
6364,12,397,148
6365,10,63,264
6365,12,399,144
6366,10,63,268
6366,12,400,140
6367,10,63,273
6367,12,401,138
6368,10,63,277
6368,11,505,174
6368,12,401,136
6369,10,64,279
6369,11,503,177
6369,12,400,134
6370,10,65,282
6370,11,500,181
6370,12,399,132
6371,10,66,282
6371,11,498,184
6371,12,399,131
6372,10,69,282
6372,11,495,189
6372,12,399,129
6373,10,71,282
6373,11,491,194
6373,12,399,129
6374,10,74,281
6374,11,487,199
6374,12,399,129
6375,10,77,282
6375,11,485,204
6375,12,398,129
6376,10,79,283
6376,11,482,208
6376,12,398,130
6377,10,81,284
6377,11,481,211
6377,12,398,129
6378,10,82,285
6378,11,480,214
6378,12,398,129
6379,10,83,285
6379,11,479,216
6379,12,398,129
6380,10,83,286
6380,11,478,219
6380,12,398,129
6381,10,83,286
6381,11,478,220
6381,12,399,128
6382,10,83,287
6382,11,478,221
6382,12,398,129
6383,10,83,286
6383,11,479,223
6383,12,399,129
6384,10,83,287
6384,11,480,223
6384,12,398,130
6385,10,83,286
6385,11,481,224
6385,12,398,131
6386,10,83,286
6386,11,483,224
6386,12,399,131
6387,10,82,286
6387,11,485,225
6387,12,399,132
6388,10,82,286
6388,11,487,225
6388,12,400,132
6389,10,82,286
6389,11,489,225
6389,12,401,132
6390,10,82,286
6390,11,491,225
6390,12,403,132
6391,10,81,285
6391,11,492,225
6391,12,404,133
6392,10,81,285
6392,11,493,225
6392,12,406,134
6393,10,80,285
6393,11,493,226
6393,12,407,135
6394,10,80,285
6394,11,491,229
6394,12,410,136
6395,10,79,285
6395,11,487,234
6395,12,414,136
6396,10,79,284
6396,11,483,239
6396,12,418,137
6397,10,79,284
6397,11,480,245
6397,12,421,137
6398,10,79,284
6398,11,477,250
6398,12,425,138
6399,10,79,284
6399,11,475,253
6399,12,428,139
6400,10,78,283
6400,11,474,255
6400,12,432,140
6401,10,77,282
6401,11,473,256
6401,12,434,140
6402,10,76,281
6402,11,472,257
6402,12,436,141
6403,10,75,281
6403,11,472,257
6403,12,438,141
6404,10,74,280
6404,11,472,257
6404,12,439,142
6405,10,73,279
6405,11,472,256
6405,12,441,142
6406,10,73,279
6406,11,473,256
6406,12,442,143
6407,10,72,280
6407,11,473,258
6407,12,444,143
6408,10,71,280
6408,11,470,262
6408,12,445,144
6409,10,71,281
6409,11,465,269
6409,12,446,144
6410,10,70,280
6410,11,461,276
6410,12,449,145
6411,10,69,280
6411,11,456,282
6411,12,451,145
6412,10,69,279
6412,11,452,288
6412,12,453,145
6413,10,68,278
6413,11,449,294
6413,12,456,148
6414,10,66,277
6414,11,446,298
6414,12,457,152
6415,10,65,276
6415,11,445,301
6415,12,458,157
6416,10,64,272
6416,11,444,302
6416,12,459,162
6417,10,65,263
6417,11,445,303
6417,12,460,166
6418,10,66,256
6418,11,445,304
6418,12,459,170
6419,10,67,250
6419,11,446,304
6419,12,457,174
6420,10,68,246
6420,11,447,304
6420,12,456,176
6421,10,69,238
6421,11,448,305
6421,12,455,176
6422,10,69,243
6422,11,449,305
6422,12,454,177
6423,10,70,246
6423,11,449,306
6423,12,453,177
6424,10,74,228
6424,11,449,305
6424,12,452,177
6425,10,79,213
6425,11,451,306
6425,12,451,176
6426,10,84,204
6426,11,451,306
6426,12,449,176
6427,10,87,198
6427,11,452,305
6427,12,446,175
6428,10,89,196
6428,11,453,305
6428,12,444,175
6429,10,90,197
6429,11,453,305
6429,12,441,174
6430,10,91,197
6430,11,451,304
6430,12,438,174
6431,10,93,198
6431,11,449,303
6431,12,437,173
6432,10,96,199
6432,11,447,303
6432,12,435,173
6433,10,97,199
6433,11,445,302
6433,12,434,173
6434,10,99,198
6434,11,443,302
6434,12,433,173
6435,10,102,198
6435,11,441,301
6435,12,431,173
6436,10,104,197
6436,11,440,301
6436,12,429,172
6437,10,107,197
6437,11,438,300
6437,12,426,171
6438,10,110,195
6438,11,436,299
6438,12,424,170
6439,10,113,192
6439,11,434,298
6439,12,423,168
6440,10,116,190
6440,11,432,297
6440,12,423,163
6441,10,121,188
6441,11,431,297
6441,12,423,158
6442,10,126,185
6442,11,428,296
6442,12,422,153
6443,10,129,188
6443,11,426,295
6443,12,421,148
6444,10,131,190
6444,11,423,294
6444,12,420,144
6445,10,137,184
6445,11,425,289
6445,12,416,139
6446,10,143,178
6446,11,427,281
6446,12,411,136
6447,10,149,176
6447,11,429,273
6447,12,407,134
6448,10,154,174
6448,11,430,268
6448,12,403,132
6449,10,160,172
6449,11,430,263
6449,12,400,131
6450,10,166,169
6450,11,428,258
6450,12,398,130
6451,10,172,168
6451,11,425,253
6451,12,395,129
6452,10,177,166
6452,11,420,249
6452,12,393,127
6453,10,183,164
6453,11,415,247
6453,12,390,126
6454,10,190,164
6454,11,411,245
6454,12,388,125
6455,10,197,163
6455,11,407,244
6455,12,386,122
6456,10,207,163
6456,11,403,243
6456,12,385,119
6457,10,215,163
6457,11,400,242
6457,12,385,114
6458,10,220,162
6458,11,396,240
6458,12,384,111
6459,10,224,161
6459,11,394,238
6459,12,385,106
6460,10,228,161
6460,11,392,236
6460,12,385,102
6461,10,232,161
6461,11,391,234
6461,12,386,98
6462,10,236,162
6462,11,392,229
6462,12,386,95
6463,10,240,163
6463,11,393,224
6463,12,387,93
6464,10,244,163
6464,11,393,218
6464,12,386,92
6465,10,247,163
6465,11,395,213
6465,12,386,92
6466,10,250,162
6466,11,396,209
6466,12,386,91
6467,10,252,161
6467,11,397,205
6467,12,385,90
6468,10,257,160
6468,11,397,202
6468,12,385,89
6469,10,264,157
6469,11,396,202
6469,12,385,86
6470,10,270,152
6470,11,395,200
6470,12,385,84
6471,10,276,148
6471,11,393,200
6471,12,386,82
6472,10,280,143
6472,11,391,200
6472,12,386,81
6473,10,284,138
6473,11,389,199
6473,12,387,79
6474,10,289,133
6474,11,387,199
6474,12,386,78
6475,10,295,128
6475,11,385,199
6475,12,386,78
6476,10,299,125
6476,11,384,198
6476,12,385,77
6477,10,302,123
6477,11,382,198
6477,12,384,76
6478,10,306,122
6478,11,381,197
6478,12,384,73
6479,10,308,122
6479,11,380,197
6479,12,387,67
6480,10,311,121
6480,11,379,195
6480,12,388,63
6481,10,315,119
6481,11,378,192
6481,12,388,61
6482,10,318,116
6482,11,377,189
6482,12,388,58
6483,10,319,111
6483,11,376,186
6483,12,387,55
6484,10,321,106
6484,11,375,183
6484,12,387,52
6485,10,324,101
6485,11,374,181
6485,12,389,48
6486,10,326,97
6486,11,372,180
6486,12,390,44
6487,10,329,96
6487,11,368,177
6487,12,392,40
6488,10,334,95
6488,11,365,174
6488,12,393,38
6489,10,339,94
6489,11,363,169
6489,12,395,35
6490,10,342,94
6490,11,362,166
6491,10,345,95
6491,11,361,165
6492,10,346,96
6492,11,360,163
6493,10,347,96
6493,11,360,162
6494,10,348,97
6494,11,360,161
6495,10,347,96
6495,11,361,160
6496,10,347,96
6496,11,360,160
6497,10,347,94
6497,11,360,160
6498,10,347,92
6498,11,359,160
6499,10,348,90
6499,11,359,160
6500,10,349,88
6500,11,358,159
6501,10,350,86
6501,11,357,160
6502,10,351,83
6502,11,356,160
6503,10,352,82
6503,11,355,160
6504,10,353,81
6504,11,354,160
6505,10,353,80
6505,11,353,160
6506,10,354,79
6506,11,352,158
6507,10,354,77
6507,11,352,156
6508,10,355,74
6508,11,353,151
6509,10,358,69
6509,11,354,145
6510,10,362,63
6510,11,356,137
6511,10,370,51
6511,11,358,128
6512,10,377,41
6512,11,361,120
6513,10,382,35
6513,11,362,113
6514,11,361,110
6515,11,359,107
6516,11,357,106
6517,11,354,104
6518,11,351,104
6519,11,349,103
6520,11,347,102
6521,11,346,101
6522,11,345,100
6523,11,346,95
6524,11,348,87
6525,11,351,79
6526,11,354,70
6527,11,357,62
6528,11,358,57
6529,11,359,53
6531,11,360,48
6532,11,360,46
6533,11,361,44
6534,11,363,39
